47.66403761378412 19.726695449209274
20.66058893664413 15.746982481373085
65.08108123925295 16.284425293334547
73.1167846585609 25.013023932731215
61.37366236469354 69.0093664516475
48.63987723288884 14.287453354501856
86.01395765049288 78.31187175824711
39.875729793536316 77.72696056830843
35.27410670901002 40.650639191655934
76.27866286796292 54.52860634300606
20.296996295996095 35.28755402567223
69.24698039823578 17.35952586376719
64.34237742133664 2.1434584518097544
10.890852477372249 2.0548786306513245
52.081923121804664 35.623953588862875
77.88818267114577 67.09526887813583
3.048305423580644 17.648595971003544
25.241904337296294 25.22101465026948
29.725163725845505 44.29725498641006
60.23855749986845 43.80475552772756
34.334873146572974 23.708299669230072
66.92907262631789 48.710019123070616
92.5574537683211 80.38621819824708
54.23090221649447 82.57369229361124
74.93896553943316 34.65709905458437
4.934878338718784 30.439391392697534
1.7520936927025499 18.76395398980656
71.82527377696759 39.44661015250046
99.9431010726021 97.09255325867092
42.97790359668496 68.33981136104686
6.590965524958525 69.06768006506711
21.89194850382603 68.50381012598154
28.463289965231255 95.58269409957725
18.76868796590372 28.130233437407227
29.74737549462745 55.14816804990821
77.95001115761798 95.3928938460474
39.571712804870096 46.13437594397518
31.68361871126365 41.34222142491309
58.988697238329735 14.0582876377091
26.753645615185807 75.29503115874522
29.55689700169414 29.292747770065862
2.2676265208938284 14.902826601791986
65.39610207614305 75.96407221728764
16.65449212207729 45.45978241155715
81.51187434643941 86.10628183626928
40.74879461697316 71.52616828974334
13.77599574684103 21.89614339360091
54.70849212392385 73.88876646528155
37.737066526396546 63.405886736094665
28.835866593532312 78.56394196061422
9.57989226358491 14.658787109608241
64.77480887102884 20.776673017282764
34.893340948532604 22.48466872059468
60.759904689988076 92.80991375170841
67.48964043290509 19.796839095059525
86.86449930302885 95.03322695035025
81.94588808189154 43.87232198468972
37.49857634230198 73.159445965824
75.69881898901802 5.276490990762229
57.030408395948896 36.61116011658214
43.36349101392074 0.7276435767817335
62.88068681337411 56.85565051583007
58.80830180541952 14.756105995783397
93.65418898341356 46.08021038759199
46.553022057838156 70.33710560646236
32.45120750593041 62.03963918087132
47.38413024770081 5.7789045622297035
67.92222051869058 3.682466165669984
57.883854420594574 33.95069908940962
35.32050622460835 99.05387561756406
81.65711253747287 81.89965885537825
3.787868060855093 67.46299155120884
9.714173037069296 63.47193291826102
59.831268660964355 35.09562490879561
99.0246116269669 99.62855324211979
15.741373293547023 30.048127625470368
10.619776204443287 3.345281410128287
19.85495375210894 86.16048151370774
26.67109133973542 83.70041861253483
23.279068669879933 49.03315555470643
28.50833297968419 76.84276936002645
19.794951360468627 40.747834883822534
71.15681487642095 18.302324638225333
34.33312692668 89.62084508863818
2.025980554475393 31.981701132909247
16.362598772566837 46.96205865866464
70.94357141393478 87.66113968124387
41.50706051373436 89.06843859753187
8.533214762619146 16.90332802977793
52.321787541162394 18.265363215061914
7.859252261629801 28.272438877908524
46.36701336797494 39.01929228362321
81.93908643428865 93.15148826587713
35.82950041954225 15.067706902536882
22.81104483757582 68.42529364816261
81.41125643710215 66.15738675410152
64.2575767257905 5.586409442099405
5.341986614992422 38.86311339925963
11.938363794125673 89.7282978813976
24.759072894058132 28.52458241731145
2.348295479016449 67.71373790325754
34.30371068165498 1.5339947152883004
42.28811800742778 49.22060466094096
50.84425663521625 23.365464869178943
67.9775243135874 36.06045642315413
11.887125454891656 62.223186849949656
74.31955223564559 41.61579206163775
15.66658514416167 94.97694490441495
37.35870397634766 91.3871529517891
24.356730421445594 22.060488319558257
38.08576710675281 97.81483254922367
55.50049438614462 96.45427158499508
85.7130949828734 70.75307634508535
82.42341905561604 6.384170095738706
93.56838928502943 57.733279685363705
1.3206029607115033 83.44418827476483
5.835502311284246 84.91180378372891
78.09721668891353 30.856893795443586
87.75743463627947 8.899682797118436
61.64053758745158 78.88370700392635
38.76079816059853 71.14527844877651
37.891143883622945 64.20186651655364
84.79878048806096 97.9026858185888
82.97760171277321 48.15304230016094
39.817496730255264 9.060400553406255
5.065773659849615 11.966248957277148
29.221597798734233 5.893224522231344
34.246493144245804 23.644746421030007
94.21963428458523 56.785338659710064
66.02766789683315 90.11182947052285
73.43357662394754 25.460257970682676
78.68332152896814 34.76061468878018
50.33565831777038 21.306999696214103
95.06075052059688 28.5639271300925
29.241221662545037 33.8577014332248
95.43364311701133 62.44107141862493
42.0242841276537 8.011247897860708
56.119071997036706 69.87398861142621
24.052360770537696 67.10993425782823
49.26018025389964 42.70780798699323
15.661775837324477 6.234026120853342
14.570066815958638 5.776982556443189
34.03371286770416 84.00687120313452
70.68557161823338 13.351926788591262
99.34576302708895 58.57055504102504
8.472679692031203 63.73001216517341
29.818370930055693 80.25502018893407
77.06278021553861 96.41558800041149
18.113046567213196 47.969821355335505
51.76446623420075 84.42119970628579
4.112464320384468 42.868188552430176
66.49502826949293 58.7245044338126
31.613313213417126 64.54233728689354
25.875772988994616 97.84641920061651
59.90781138526125 47.00656070105651
80.28197535194262 60.07668858490531
55.94290081048803 38.77854002058451
76.4787373068913 43.56584272519072
46.7682620079384 47.36657967514228
74.88044129856868 60.88981927881173
22.27256092879989 5.034002230188261
89.9275022301881 51.00930571981589
12.882304755065356 26.038330385262743
63.30900390835843 53.47275802727868
26.773273305980616 16.806174330365565
36.1410252166905 21.0491745714114
27.48743839181469 97.86364942250758
42.78272628261757 66.04544417348745
68.48476374761606 22.46889507662496
17.85723673864158 3.2540130118680954
44.12594132777707 94.20016171791457
34.502738893151644 50.92526318514833
33.762200718912126 73.43450539380002
46.68865340053626 76.28401214447055
1.3853178583076997 96.39493261874344
33.95820892546509 83.397806128786
40.47815594410602 18.80280032525724
88.49042620527732 96.37333448424327
83.17347318162068 63.90748829531206
72.23216062776362 85.39862590168174
15.54577331670779 44.97438639198402
71.90398606218412 90.5796768046647
27.01951401098772 13.854072983121723
29.99436231390653 74.61608406792209
76.23639040680284 43.93805705057955
17.332174535778023 79.86913917931567
13.904857584271724 97.26834628881387
53.64042950051602 13.736779414018729
59.5339228710394 79.88068071744375
32.65066068137939 13.814486700919293
93.52387051183845 5.774353061226323
96.44335412876451 80.31555133394939
2.3563305576771887 6.642848541530544
95.98960299868158 63.33619561909556
2.771581490158259 79.59707893533138
47.147706500849395 73.49348453757167
55.5849284450227 24.590128283531165
33.75239189254889 79.22799782376968
84.87826771586032 8.747416070073088
72.70208623002897 38.94245583906005
84.60063791740868 77.02689075724585
39.14564782823602 43.18695247798588
11.666519918335915 29.97257278118215
24.60239381011995 41.556444202637266
45.49971330206033 10.719576699736766
25.098260810631245 27.40202621168837
65.1735877448629 72.14067767991307
96.95335031137576 91.89542459971979
24.888485172243037 6.483971335523542
46.09259583509473 4.496050839899057
82.45692921859346 38.706559271683204
27.223911771146614 97.77942624582775
31.54017479447756 26.727527328877056
23.294472962708433 14.257576052795196
48.27367695981996 12.48107036275753
65.11095106869075 56.191614024447766
41.57934552639839 86.68282015313243
19.41064021895038 15.755339089943288
72.32132205366709 92.84291505926933
33.1544760509061 39.47710608942208
97.734396305005 88.00209023457737
5.182039806430527 31.759202080686034
62.608309021497796 86.39603077583466
15.271631177164924 5.805009830186847
41.86423476053541 99.5794326068823
6.374583511963361 54.653308603390606
12.890526951622128 58.833168253582855
53.479890296755016 85.18352280026166
10.946418482438425 58.034084748763725
56.039182829373715 42.63785902079233
69.59495546251281 9.222642201347941
31.45942996627281 82.56011590861021
18.195196716906004 60.70707159991379
67.75856725261986 22.038412967378907
6.897556160568408 17.205326201347482
7.896680070586615 1.6767556435947517
64.05315433069094 11.425448997671229
71.51068571733889 34.69582264371238
91.90927389924653 31.90574933536965
62.90735441737216 65.44037073219727
23.2415925052451 26.615137803000877
69.07319274592284 68.86879367276096
60.74496730684462 75.66069219862032
35.79982329660487 89.78957521859294
64.41984134200779 59.97546221897257
0.23497431951062797 90.648675702976
49.23204472828229 79.72606263991294
91.39488833181521 59.58941280920694
87.48243008589097 96.1601694508283
7.090985525802895 94.80055738382347
71.42827986184128 55.94390671978324
59.21632192391315 42.87057260640971
11.271913988546 16.569575728760388
86.1748661052068 33.23212558573185
22.397307679234224 19.981021959564004
65.00723489930752 39.72268066557747
47.769816302519395 88.63537723073736
16.70439796738108 83.86113894960279
83.1419963650831 42.550284750185085
11.417029700392888 29.558097548502005
72.75607949808764 79.20753350514373
5.4124109337992055 22.430923429606096
65.78906783040557 70.80776951478968
0.6817401853633998 96.92276230225067
84.76570012131805 81.79984990480392
74.05218470724019 30.76424220551712
95.71083611466311 56.89534434125881
99.01090398292055 80.34649403800155
40.20338895033415 38.062222530048814
76.9774276878013 92.46308168898707
96.67253155828746 25.9694812066087
0.42307210093819325 55.17519361107278
6.940158128096241 93.1055357031929
27.022345383052084 57.49981927978642
17.414286914008336 96.85111981417059
57.045955340418985 35.982980534654665
1.5219746619518748 43.06944333211186
6.309746110086579 73.08791170173924
9.352407840276644 80.5724646427963
24.22384335122575 72.84525918093007
66.57091914809085 78.27511838572639
32.368384592988164 41.93013613205516
6.245083805898788 37.20025650736193
32.980092250268314 98.12225296320916
25.164509786448765 5.636711712338527
62.39019732476822 76.20502372314068
90.58162252220211 0.7664554050183403
59.263870633206686 48.76236660950967
52.722058431694705 7.619853316640524
35.372728675150015 0.08457519907502098
72.79820084470116 47.04317823075783
8.639290027450441 33.37803678870777
19.031379339351762 75.77301627790108
90.72468611842616 19.91609655108302
47.02714153356923 75.89742966986634
84.01869058622293 66.65298339981133
47.232407866845385 7.3513817575986735
59.833517860737985 88.57302276622802
57.73100918182723 95.04132533620366
89.30499005111503 97.94833893898213
95.27003701943602 84.22028630653355
90.20858415266314 98.61525747567646
91.14723940673206 62.583150812357836
8.579326113976881 17.478253894622597
37.85399779533958 79.78217757621434
92.54589947151925 57.515062705464224
74.9891536122855 13.88345575909604
76.60724910139136 93.79469906648964
28.138395337481704 15.660025386275533
99.62557551359839 67.08069953405152
25.777733467613796 70.46100333797321
42.04305855917821 9.704856537830109
75.85506184782237 11.394805480561942
89.6988668957577 32.17329635506545
79.77122838737421 49.603445540015045
10.355204060741475 60.92919672140125
49.56206126389272 61.87537777113784
9.24246804271901 64.34028833423923
75.19587498596351 47.12543440786548
70.81571559543282 14.79034756588209
33.81123154743639 76.3407367956747
50.82962286542055 72.19185517384936
33.543161646206634 68.25557416614649
11.767398835662025 47.882596538698266
24.813544145561416 82.9446709759502
71.90449716978426 39.92260975760702
80.65060191311385 65.22677418288526
81.74211214851812 14.028699894114215
20.830162142581198 51.09772444195578
35.087407190523756 32.09349065248025
1.4202037066773587 86.81934621779125
62.373627844451626 73.14782048466054
57.622316442248845 61.47893654909507
36.498038894124875 19.721681372600464
0.49450437708744577 70.79251229567608
32.52818225722742 8.922642481555187
96.38591558310124 70.54186799173053
85.23073657631711 23.648271250324527
84.81205449268747 54.10008878382159
63.14915483735311 56.133141206788906
64.03626275276996 2.5048604082124504
58.049558543840085 93.97150326144687
1.7201911782501078 43.07158138855671
89.21432407042361 19.877723301750873
61.35871714948333 28.145329343834334
77.28401802324953 36.36384543448366
28.66384275578534 28.89386464576511
60.63931244705346 88.47042396167328
72.15445344964631 91.3098178776578
47.4685216397871 88.26386838623199
42.923095900036714 31.67162433301002
55.76040460510092 14.195434750268099
69.88964329437334 75.6518543923335
67.69291767456397 25.955865325313752
59.89441321853577 96.16423653973534
13.749057390903975 37.87012225471306
91.26636113309632 39.515790908070024
80.59653293865152 50.43859715625525
42.56059695495853 61.742757950986416
24.495066148475264 60.19909217695931
35.697190996144926 16.405244250294583
0.9048968788059608 13.890639181318786
83.38038654372224 59.39442740562754
13.6784138783964 20.592836960615912
81.72078462064718 59.38061144969492
88.91289071118881 69.92046439643926
60.19575664532869 10.64205102511917
10.587209849422308 52.64646586623244
0.4255044124346852 22.55643712856693
62.18792526921344 34.77097315330994
35.186319090751304 28.101190939649136
34.08412011587336 95.66577327836077
47.232044761407074 14.874670349988195
75.24289773294309 38.179216338306865
15.106834665531998 58.48041035345821
42.17198696820519 67.76350902011569
93.13279252617473 46.09075926759877
86.6525560664417 51.232422847006866
97.44504048455369 59.009110024731285
56.91927762503608 25.156406946811437
57.91788966589583 39.96101516307422
30.304251165479336 40.30693010914587
63.65575456806043 21.957839837986427
78.53199564300841 96.37124790513334
19.549783550060685 80.43625844448935
53.50734284914848 5.375879409380757
75.56512618721469 28.01522903789818
98.48980823089445 63.24217657903729
90.87085650838283 5.424957372218364
15.95814959304539 51.43716428507166
23.056594196516333 9.915445004317636
25.376621656683806 82.50967869949754
21.978573936005972 90.04416386542692
11.71879862009597 94.58218530711228
13.688958064141055 99.8073415702828
57.415436841257375 39.458307404977624
56.84982049694223 6.12427713291347
52.91998695662019 35.613830698325586
89.95362459980996 45.504246721394495
25.215886113575703 33.31628086429526
26.47051799758655 27.674465058135446
34.68052220325164 61.63117323017296
1.1376877844655908 81.41844489232203
45.38095549068277 50.20397918263081
89.60447109622261 33.62275907827371
61.99260566179407 14.609446489975186
75.98665620264981 12.30622180753863
64.76472796785157 35.81734006604099
19.735849290734908 82.79653424578835
93.74464830436241 95.26250145730711
33.7014241571257 82.53700671711502
8.93200181057805 71.60637403855152
95.01223939747219 69.22402007429514
5.398288765163506 96.82559785087736
89.52617499121845 51.027694105466104
86.05884903177576 32.99841944057506
69.28230985489195 8.105224825557011
81.56285495452641 76.35439761585313
64.78167789611824 17.421363350967432
19.62959721669816 25.60084172203495
46.8963223101832 82.38983832690477
24.001333867506812 98.28084965621018
1.6418887394333503 18.3682517018263
63.30889248985153 65.62714831349827
73.7898712021555 97.43296818118203
2.794759552208992 46.3383955718073
89.87702771529817 2.2482613346679003
46.75999417041458 13.14078794225495
73.12779464164065 67.92242939551744
95.17725192653384 84.80932185997419
80.67501421473695 53.30832275616548
83.05637781695694 99.22107617974656
41.30283161051109 88.32397544716031
31.255044792119968 88.19316754728389
64.79432649892917 12.365040432535434
56.41405311658643 74.40302183281963
20.088576594512418 37.807942441601895
89.41344711488709 85.47184567185447
2.7667298147177832 81.3554966935331
77.88694406424482 86.19589148687862
6.429796465715187 95.44176966787164
63.99970159091891 54.5725484728789
60.083021965141235 85.83330902530602
26.6626971934835 78.49612793269841
74.41347099730692 43.045494821599775
27.86858977920573 19.404395058807356
82.61291539962066 52.508056233759625
27.679981712305146 42.396604497644944
68.83662134431452 77.29993058630367
98.85489857031486 84.85923474604165
61.51364008072965 3.4881373880020217
99.1961582648203 5.084643382982435
35.9154202960423 77.37475584572385
89.75359778928946 53.499993726595285
37.801699512532764 9.47262680708394
80.44843748450661 38.90851237637294
2.514719314334668 6.513434634702442
29.355009655489262 49.55151600151454
56.92107274082537 33.733426561101155
61.329483193793365 94.83946978164266
10.271517568716648 24.853473827256945
89.00397551734297 67.61588151880808
72.20626972817547 70.31331111420792
70.7916126197109 65.61384834408219
85.2987629414628 64.22200480706802
88.53357428364437 71.49906166373135
16.56050111216566 79.02156077429682
91.86089678634572 86.7637886187231
95.35104317470619 18.83018058506547
45.80963735107202 14.314560780422303
40.37035036182608 6.57766555441558
58.23707741930134 57.885841552248905
61.73272281659416 73.45178057962792
45.70336281806501 36.411259982719926
90.8117666964356 76.9258904568193
84.23860421701521 34.47916973831555
25.63747235019087 79.92009175334798
55.75509409802022 85.3257916316295
45.1308792940186 1.1728267193120923
0.889340030051522 5.4753913977710456
91.80332286319236 92.45033068656669
83.98718668386023 74.16977525534885
7.3612487498817 72.38935769909642
20.78418424482422 16.791433154934733
26.46630851312465 82.80297634319444
56.32142497980808 19.57245242021163
52.05564509708993 75.14323334217046
50.681157338470896 60.01883844348201
19.531597071763507 71.51857053101891
74.48217084134758 69.67276264904721
21.646945585376777 57.60322930275312
77.56135973111714 65.96889413928176
36.761093573604555 73.86150562240968
2.4711777498379606 98.14131252207558
54.02476958836881 89.1243745073743
78.67578569477215 22.38045986631898
86.19646560227089 46.45647359305091
22.022914100213775 94.86184602708336
58.361554136862345 34.603670198720735
71.68102668518837 72.23142050277195
