500
216 247
462 4
19 308
141 377
230 285
404 149
125 290
263 433
341 369
468 412
404 133
347 196
170 65
101 389
75 46
326 496
352 239
465 28
230 454
460 97
127 140
173 371
174 331
318 245
21 342
481 46
219 52
161 484
71 466
29 404
283 33
435 318
325 302
159 126
370 343
196 61
339 446
488 348
412 413
349 411
44 159
184 371
357 55
474 488
60 89
439 100
255 328
458 163
124 6
12 102
312 44
333 192
149 308
346 279
468 53
354 118
396 402
100 330
432 387
490 469
250 265
391 29
56 20
466 44
234 182
340 355
244 352
304 217
416 154
71 317
284 56
148 488
155 85
317 117
219 384
26 132
240 232
488 426
133 283
430 143
163 187
326 334
1 28
197 381
408 62
455 492
76 414
78 433
344 302
265 133
391 189
64 373
173 292
192 34
90 384
128 210
62 249
419 19
323 305
102 246
261 175
61 10
414 293
121 167
462 114
414 497
390 466
448 451
241 381
35 364
344 138
346 326
476 244
433 282
435 310
448 451
409 234
73 274
346 173
157 295
364 434
201 467
37 177
319 7
216 67
111 488
427 427
212 89
126 320
492 279
68 2
187 1
17 88
57 275
175 421
383 360
302 86
113 190
263 14
331 435
368 449
377 435
57 391
67 30
234 162
170 270
455 285
44 340
335 131
43 304
98 483
182 231
302 101
378 327
117 282
203 340
296 484
490 391
224 428
478 15
277 407
493 67
377 277
43 238
60 23
136 246
433 147
382 349
430 277
271 27
447 155
249 428
107 149
199 361
135 407
47 495
44 226
380 313
240 391
292 269
230 343
151 438
403 468
67 492
58 71
219 115
351 162
323 379
301 153
329 81
459 338
59 294
325 466
345 447
193 174
365 344
450 302
471 244
295 133
6 134
265 85
437 50
120 108
195 11
26 171
345 22
217 269
287 73
461 204
481 42
66 260
120 253
448 249
349 44
450 433
53 44
6 345
242 350
54 351
300 7
209 446
147 117
152 461
311 461
469 325
286 467
143 165
474 299
446 16
284 296
400 390
253 336
367 414
204 486
253 357
451 472
222 256
201 171
280 468
398 364
397 499
113 386
451 334
176 7
232 222
457 284
346 247
499 43
436 75
371 373
90 260
227 105
307 75
263 160
29 435
231 348
315 422
169 119
446 84
33 490
31 299
331 66
98 463
449 194
77 28
330 361
193 98
478 449
186 371
311 443
28 172
297 0
352 323
465 147
494 363
455 295
323 420
342 11
140 13
447 436
395 241
313 149
169 265
334 183
255 388
424 163
170 206
346 205
389 397
30 392
390 284
272 470
486 443
429 29
172 44
154 486
158 274
232 63
105 14
74 433
452 359
464 74
130 309
101 483
7 449
77 427
11 219
493 8
420 68
480 299
110 248
36 246
292 455
92 241
456 71
379 382
6 214
349 452
196 177
286 4
107 70
320 183
176 231
63 308
194 368
16 444
209 37
118 163
438 248
374 144
260 68
107 361
6 265
380 454
171 335
191 325
446 472
390 240
68 270
293 265
333 482
127 81
402 363
240 379
13 363
327 429
417 383
324 40
408 169
463 175
196 172
393 340
354 255
220 70
48 305
58 34
3 81
294 128
340 328
168 315
324 174
388 464
251 324
274 164
176 97
186 33
337 290
401 490
49 385
296 155
276 314
367 428
233 399
239 334
140 151
313 185
312 203
69 113
273 132
288 281
270 70
332 78
2 144
305 124
55 373
202 201
140 473
406 127
67 271
286 117
441 284
165 50
417 472
108 253
29 230
313 408
266 427
66 109
316 150
5 41
146 331
427 240
141 40
37 133
309 479
226 287
499 221
214 31
432 198
50 290
356 452
162 166
461 125
414 55
118 272
169 377
114 221
245 147
254 110
196 66
69 177
90 267
182 450
135 235
215 360
394 109
271 253
0 418
85 101
491 211
34 86
202 364
333 152
227 299
111 339
433 478
463 345
74 281
138 450
140 316
44 324
254 364
238 394
278 454
262 119
167 270
291 62
113 136
487 402
301 401
373 309
77 130
124 298
106 9
324 240
38 302
422 119
258 27
388 122
287 330
438 133
458 392
4 396
98 73
388 83
248 245
469 35
349 427
318 388
60 243
70 413
253 359
83 111
14 183
89 223
439 5
440 315
80 43
324 180
410 461
450 209
429 81
193 499
194 186
119 473
125 48
196 296
164 233
445 112
465 69
188 292
169 223
324 280
231 411
201 429
171 159
196 136
332 449
346 305
435 318
